!
! river bed
!
! island
curve 96 LINE  2.874135,-11.090293   1.867601,-10.290986 
curve 91 LINE  1.867601,-10.290986   3.466214,-9.906136 
curve 92 LINE  3.466214,-9.906136   4.887203,-10.054154 
curve 93 LINE  4.887203,-10.054154   5.212846,-10.409402 
curve 94 LINE  5.212846,-10.409402   4.768787,-10.823857 
curve 95 LINE  4.768787,-10.823857   2.874135,-11.090293 
! island
curve 87 LINE  5.686510,-10.705441   5.538490,-10.172570 
curve 88 LINE  5.538490,-10.172570   8.054825,-9.284452 
curve 89 LINE  8.054825,-9.284452   9.564626,-9.047621 
curve 84 LINE  9.564626,-9.047621   9.150171,-10.172570 
curve 85 LINE  9.150171,-10.172570   7.462746,-10.705441 
curve 86 LINE  7.462746,-10.705441   5.686510,-10.705441 
! island
curve 10 LINE  10.748784,-4.607029   11.400070,-4.310990 
curve 1 LINE  11.400070,-4.310990   11.784922,-5.672771 
curve 2 LINE  11.784922,-5.672771   11.459278,-6.975345 
curve 3 LINE  11.459278,-6.975345   10.837596,-7.833859 
curve 4 LINE  10.837596,-7.833859   10.423141,-7.863463 
curve 98 LINE  10.423141,-7.863463   10.156705,-6.797721 
curve 99 LINE  10.156705,-6.797721   10.748784,-4.607029 
! island
curve 82 LINE  5.508886,-0.255250   6.012153,0.336829 
curve 69 LINE  6.012153,0.336829   9.031755,1.076928 
curve 70 LINE  9.031755,1.076928   11.400070,0.544057 
curve 71 LINE  11.400070,0.544057   13.501950,-0.669705 
curve 72 LINE  13.501950,-0.669705   14.774920,-2.949208 
curve 73 LINE  14.774920,-2.949208   14.893336,-6.087226 
curve 74 LINE  14.893336,-6.087226   13.265119,-8.603561 
curve 75 LINE  13.265119,-8.603561   9.949477,-9.846928 
curve 76 LINE  9.949477,-9.846928   10.245517,-8.988413 
curve 77 LINE  10.245517,-8.988413   12.199377,-7.508216 
curve 78 LINE  12.199377,-7.508216   12.258585,-5.376732 
curve 79 LINE  12.258585,-5.376732   11.252050,-3.215644 
curve 80 LINE  11.252050,-3.215644   9.416606,-1.646635 
curve 81 LINE  9.416606,-1.646635   5.508886,-0.255250 
! river
curve 67 LINE  9.671409,4.567054   8.712973,8.424345 
curve 41 LINE  8.712973,8.424345   3.824327,7.955324 
curve 42 LINE  3.824327,7.955324   0.108235,8.171795 
curve 43 LINE  0.108235,8.171795   -5.447863,6.945124 
curve 44 LINE  -5.447863,6.945124   -6.097277,3.788250 
curve 45 LINE  -6.097277,3.788250   -6.241591,-0.685492 
curve 46 LINE  -6.241591,-0.685492   -3.553739,-2.850206 
curve 47 LINE  -3.553739,-2.850206   3.427463,-2.381184 
curve 48 LINE  3.427463,-2.381184   7.330314,-4.21026 
curve 49 LINE  7.330314,-4.21026   7.138421,-6.754635 
curve 50 LINE  7.138421,-6.754635   1.688658,-7.867615 
curve 51 LINE  1.688658,-7.867615   -4.528676,-7.368693 
curve 52 LINE  -4.528676,-7.368693   -8.827080,-11.436826 
curve 53 LINE  -8.827080,-11.436826   -4.490297,-12.664941 
curve 54 LINE  -4.490297,-12.664941   -3.300561,-11.551962 
curve 55 LINE  -3.300561,-11.551962   -0.230272,-11.743855 
curve 56 LINE  -0.230272,-11.743855   5.334626,-12.319533 
curve 57 LINE  5.334626,-12.319533   14.353599,-11.168176 
curve 58 LINE  14.353599,-11.168176   17.654160,-5.296248 
curve 59 LINE  17.654160,-5.296248   16.502800,-0.076758 
curve 60 LINE  16.502800,-0.076758   10.861146,2.878395 
curve 61 LINE  10.861146,2.878395   3.530832,2.571366 
curve 62 LINE  3.530832,2.571366   0.575679,1.957308 
curve 63 LINE  0.575679,1.957308   -0.191893,3.031909 
curve 64 LINE  -0.191893,3.031909   0.537300,4.144889 
curve 65 LINE  0.537300,4.144889   3.492453,4.144889 
curve 66 LINE  3.492453,4.144889   9.671409,4.567054 
subreg 1 property 1 boundary 67 41 42 43 44 45 46 47 48 49 50 51 52 53 54 55 56 57 58 59 60 61 62 63 64 65 66 hole 96 91 92 93 94 95 hole 87 88 89 84 85 86 hole 10 1 2 3 4 98 99 hole 82 69 70 71 72 73 74 75 76 77 78 79 80 81
m-ctl-point constant 0.4
print @@@@@@@@@@@@@@@@@@@@@@@@@@@@@@@@@@@@@@@@@@@@@@@@@@@@@@@@@@@@@@@
print REMARK: Should generate  3324 triangles, 1891 vertices, 5218 edges
print @@@@@@@@@@@@@@@@@@@@@@@@@@@@@@@@@@@@@@@@@@@@@@@@@@@@@@@@@@@@@@@
