!
! full circle with steep gradation at the boundary
!

curve 4 circle center 0 0 radius 0.9
curve 5 circle center 0 0 radius 2.0

subregion 1  property 1 boundary 4

m-ctl-point constant 0.3
! cos(x)*0.9, sin(x)*0.9:
! x
! 15   0.86933324   0.23293714
! 25   0.81567701   0.38035644
!

MC-T 0.816536 0.378509 0.816105 0.379437 0.815615 0.378704 0.001100 0.001024 0.001066
MC-T 0.816105 0.379437 0.815684 0.380342 0.815353 0.379577 0.001024 0.000998 0.001016
MC-T 0.815684 0.380342 0.815251 0.381269 0.814852 0.380287 0.000998 0.001023 0.001015
MC-T 0.816105 0.379437 0.815353 0.379577 0.815615 0.378704 0.001024 0.001016 0.001066
MC-T 0.815353 0.379577 0.815684 0.380342 0.814852 0.380287 0.001016 0.000998 0.001015
MC-T 0.814852 0.380287 0.815251 0.381269 0.814455 0.381139 0.001015 0.001023 0.001050
MC-T 0.815615 0.378704 0.815353 0.379577 0.814568 0.379144 0.001066 0.001016 0.001065
MC-T 0.815353 0.379577 0.814852 0.380287 0.814568 0.379144 0.001016 0.001015 0.001065
MC-T 0.814852 0.380287 0.814455 0.381139 0.813908 0.380294 0.001015 0.001050 0.001075
MC-T 0.814455 0.381139 0.815251 0.381269 0.814781 0.382273 0.001050 0.001023 0.001108
MC-T 0.816536 0.378509 0.815615 0.378704 0.816148 0.377608 0.001100 0.001066 0.001189
MC-T 0.815615 0.378704 0.814568 0.379144 0.815088 0.377996 0.001066 0.001065 0.001144
MC-T 0.814852 0.380287 0.813908 0.380294 0.814568 0.379144 0.001015 0.001075 0.001065
MC-T 0.813908 0.380294 0.814455 0.381139 0.813571 0.381604 0.001075 0.001050 0.001146
MC-T 0.814455 0.381139 0.814781 0.382273 0.813571 0.381604 0.001050 0.001108 0.001146
MC-T 0.816536 0.378509 0.816148 0.377608 0.816998 0.377510 0.001100 0.001189 0.001240
MC-T 0.816148 0.377608 0.815615 0.378704 0.815088 0.377996 0.001189 0.001066 0.001144
MC-T 0.815088 0.377996 0.814568 0.379144 0.813974 0.377993 0.001144 0.001065 0.001207
MC-T 0.813908 0.380294 0.813571 0.381604 0.812785 0.380406 0.001075 0.001146 0.001204
MC-T 0.816998 0.377510 0.816148 0.377608 0.817518 0.376384 0.001240 0.001189 0.001468
MC-T 0.816148 0.377608 0.815088 0.377996 0.815201 0.376557 0.001189 0.001144 0.001358
MC-T 0.815088 0.377996 0.813974 0.377993 0.815201 0.376557 0.001144 0.001207 0.001358
MC-T 0.813974 0.377993 0.814568 0.379144 0.813333 0.379237 0.001207 0.001065 0.001164
MC-T 0.813908 0.380294 0.812785 0.380406 0.813333 0.379237 0.001075 0.001204 0.001164
MC-T 0.812785 0.380406 0.813571 0.381604 0.812246 0.381611 0.001204 0.001146 0.001326
MC-T 0.813333 0.379237 0.814568 0.379144 0.813908 0.380294 0.001164 0.001065 0.001075
MC-T 0.816148 0.377608 0.815201 0.376557 0.817518 0.376384 0.001189 0.001358 0.001468
MC-T 0.813974 0.377993 0.813333 0.379237 0.812559 0.378225 0.001207 0.001164 0.001348
MC-T 0.812785 0.380406 0.812246 0.381611 0.811522 0.380336 0.001204 0.001326 0.001422
MC-T 0.812246 0.381611 0.813571 0.381604 0.813039 0.382961 0.001326 0.001146 0.001336
MC-T 0.813974 0.377993 0.812559 0.378225 0.813217 0.376830 0.001207 0.001348 0.001452
MC-T 0.812559 0.378225 0.813333 0.379237 0.812259 0.379381 0.001348 0.001164 0.001308
MC-T 0.814781 0.382273 0.814235 0.383433 0.813906 0.382568 0.001108 0.001282 0.001195
MC-T 0.814781 0.382273 0.813906 0.382568 0.813571 0.381604 0.001108 0.001195 0.001146
MC-T 0.813571 0.381604 0.813906 0.382568 0.813039 0.382961 0.001146 0.001195 0.001336
MC-T 0.813039 0.382961 0.813906 0.382568 0.814235 0.383433 0.001336 0.001195 0.001282
MC-T 0.814235 0.383433 0.813688 0.384592 0.813039 0.382961 0.001282 0.001535 0.001336
MC-T 0.812785 0.380406 0.811522 0.380336 0.812259 0.379381 0.001204 0.001422 0.001308
MC-T 0.811522 0.380336 0.812246 0.381611 0.811031 0.381616 0.001422 0.001326 0.001566
MC-T 0.812246 0.381611 0.813039 0.382961 0.811661 0.382701 0.001326 0.001336 0.001529
MC-T 0.813974 0.377993 0.813217 0.376830 0.815201 0.376557 0.001207 0.001452 0.001358
MC-T 0.813217 0.376830 0.812559 0.378225 0.811620 0.377241 0.001452 0.001348 0.001640
MC-T 0.812559 0.378225 0.812259 0.379381 0.811162 0.378712 0.001348 0.001308 0.001565
MC-T 0.812259 0.379381 0.813333 0.379237 0.812785 0.380406 0.001308 0.001164 0.001204
MC-T 0.811031 0.381616 0.812246 0.381611 0.811661 0.382701 0.001566 0.001326 0.001529
MC-T 0.811661 0.382701 0.813039 0.382961 0.812038 0.384182 0.001529 0.001336 0.001682
MC-T 0.811620 0.377241 0.812559 0.378225 0.811162 0.378712 0.001640 0.001348 0.001565
MC-T 0.811620 0.377241 0.811162 0.378712 0.809434 0.376880 0.001640 0.001565 0.002247
MC-T 0.811162 0.378712 0.812259 0.379381 0.811522 0.380336 0.001565 0.001308 0.001422
MC-T 0.811031 0.381616 0.811661 0.382701 0.810027 0.383099 0.001566 0.001529 0.001964
MC-T 0.818131 0.375050 0.817518 0.376384 0.816481 0.375076 0.001836 0.001468 0.001698
MC-T 0.811522 0.380336 0.811031 0.381616 0.809886 0.380304 0.001422 0.001566 0.001820
MC-T 0.813217 0.376830 0.811620 0.377241 0.812131 0.375677 0.001452 0.001640 0.001843
MC-T 0.811661 0.382701 0.812038 0.384182 0.810027 0.383099 0.001529 0.001682 0.001964
MC-T 0.812038 0.384182 0.813039 0.382961 0.813688 0.384592 0.001682 0.001336 0.001535
MC-T 0.812038 0.384182 0.813688 0.384592 0.813031 0.385980 0.001682 0.001535 0.001944
MC-T 0.816481 0.375076 0.817518 0.376384 0.815201 0.376557 0.001698 0.001468 0.001358
MC-T 0.811522 0.380336 0.809886 0.380304 0.811162 0.378712 0.001422 0.001820 0.001565
MC-T 0.809886 0.380304 0.811031 0.381616 0.810027 0.383099 0.001820 0.001566 0.001964
MC-T 0.813217 0.376830 0.812131 0.375677 0.814086 0.375318 0.001452 0.001843 0.001683
MC-T 0.812131 0.375677 0.811620 0.377241 0.809434 0.376880 0.001843 0.001640 0.002247
MC-T 0.809434 0.376880 0.811162 0.378712 0.809886 0.380304 0.002247 0.001565 0.001820
MC-T 0.818131 0.375050 0.816481 0.375076 0.817449 0.373289 0.001836 0.001698 0.002297
MC-T 0.813217 0.376830 0.814086 0.375318 0.815201 0.376557 0.001452 0.001683 0.001358
MC-T 0.818894 0.373380 0.818131 0.375050 0.817449 0.373289 0.002441 0.001836 0.002297
MC-T 0.814086 0.375318 0.812131 0.375677 0.813488 0.373708 0.001683 0.001843 0.002197
MC-T 0.817449 0.373289 0.816481 0.375076 0.815444 0.373957 0.002297 0.001698 0.002002
MC-T 0.818894 0.373380 0.817449 0.373289 0.819904 0.371157 0.002441 0.002297 0.003495
MC-T 0.814086 0.375318 0.813488 0.373708 0.815444 0.373957 0.001683 0.002197 0.002002
MC-T 0.813488 0.373708 0.812131 0.375677 0.811360 0.374203 0.002197 0.001843 0.002380
MC-T 0.813031 0.385980 0.812196 0.387735 0.810870 0.385733 0.001944 0.002625 0.002271
MC-T 0.816481 0.375076 0.815201 0.376557 0.815303 0.375227 0.001698 0.001358 0.001647
MC-T 0.815303 0.375227 0.815201 0.376557 0.814086 0.375318 0.001647 0.001358 0.001683
MC-T 0.815303 0.375227 0.814086 0.375318 0.815444 0.373957 0.001647 0.001683 0.002002
MC-T 0.815303 0.375227 0.815444 0.373957 0.816481 0.375076 0.001647 0.002002 0.001698
MC-T 0.812038 0.384182 0.813031 0.385980 0.810870 0.385733 0.001682 0.001944 0.002271
MC-T 0.817449 0.373289 0.815444 0.373957 0.816017 0.371214 0.002297 0.002002 0.003041
MC-T 0.813488 0.373708 0.811360 0.374203 0.812470 0.372200 0.002197 0.002380 0.002874
MC-T 0.811360 0.374203 0.812131 0.375677 0.809434 0.376880 0.002380 0.001843 0.002247
MC-T 0.816017 0.371214 0.815444 0.373957 0.813488 0.373708 0.003041 0.002002 0.002197
MC-T 0.817449 0.373289 0.816017 0.371214 0.819904 0.371157 0.002297 0.003041 0.003495
MC-T 0.810870 0.385733 0.812196 0.387735 0.809253 0.388251 0.002271 0.002625 0.003522
MC-T 0.812038 0.384182 0.810870 0.385733 0.810027 0.383099 0.001682 0.002271 0.001964
MC-T 0.813488 0.373708 0.812470 0.372200 0.816017 0.371214 0.002197 0.002874 0.003041
MC-T 0.812470 0.372200 0.811360 0.374203 0.809771 0.372996 0.002874 0.002380 0.003171
MC-T 0.810870 0.385733 0.809253 0.388251 0.808855 0.385186 0.002271 0.003522 0.002705
MC-T 0.809253 0.388251 0.812196 0.387735 0.811061 0.390102 0.003522 0.002625 0.003828
MC-T 0.809253 0.388251 0.811061 0.390102 0.809395 0.393548 0.003522 0.003828 0.006153
MC-T 0.810870 0.385733 0.808855 0.385186 0.810027 0.383099 0.002271 0.002705 0.001964
MC-T 0.809886 0.380304 0.810027 0.383099 0.808390 0.381683 0.001820 0.001964 0.002340
MC-T 0.809886 0.380304 0.808390 0.381683 0.807995 0.379852 0.001820 0.002340 0.002447
MC-T 0.808390 0.381683 0.810027 0.383099 0.807996 0.383436 0.002340 0.001964 0.002672
MC-T 0.809886 0.380304 0.807995 0.379852 0.809434 0.376880 0.001820 0.002447 0.002247
MC-T 0.807995 0.379852 0.808390 0.381683 0.806723 0.381837 0.002447 0.002340 0.003009
MC-T 0.808390 0.381683 0.807996 0.383436 0.806723 0.381837 0.002340 0.002672 0.003009
MC-T 0.807996 0.383436 0.810027 0.383099 0.808855 0.385186 0.002672 0.001964 0.002705
MC-T 0.807996 0.383436 0.808855 0.385186 0.806532 0.385576 0.002672 0.002705 0.003698
MC-T 0.807995 0.379852 0.806723 0.381837 0.806220 0.378837 0.002447 0.003009 0.003235
MC-T 0.807996 0.383436 0.806532 0.385576 0.806723 0.381837 0.002672 0.003698 0.003009
MC-T 0.806532 0.385576 0.808855 0.385186 0.809253 0.388251 0.003698 0.002705 0.003522
MC-T 0.809771 0.372996 0.811360 0.374203 0.809434 0.376880 0.003171 0.002380 0.002247
MC-T 0.807995 0.379852 0.806220 0.378837 0.809434 0.376880 0.002447 0.003235 0.002247
MC-T 0.812470 0.372200 0.809771 0.372996 0.812233 0.369555 0.002874 0.003171 0.004123
MC-T 0.806220 0.378837 0.806723 0.381837 0.804276 0.382444 0.003235 0.003009 0.004263
MC-T 0.821339 0.367970 0.819904 0.371157 0.816017 0.371214 0.005487 0.003495 0.003041
MC-T 0.812470 0.372200 0.812233 0.369555 0.816017 0.371214 0.002874 0.004123 0.003041
MC-T 0.812233 0.369555 0.809771 0.372996 0.807677 0.371335 0.004123 0.003171 0.004528
MC-T 0.806220 0.378837 0.804276 0.382444 0.803772 0.378348 0.003235 0.004263 0.004537
MC-T 0.804276 0.382444 0.806723 0.381837 0.806532 0.385576 0.004263 0.003009 0.003698
MC-T 0.812233 0.369555 0.807677 0.371335 0.808416 0.366717 0.004123 0.004528 0.006751
MC-T 0.807677 0.371335 0.809771 0.372996 0.806509 0.375272 0.004528 0.003171 0.003675
MC-T 0.806220 0.378837 0.803772 0.378348 0.806509 0.375272 0.003235 0.004537 0.003675
MC-T 0.806509 0.375272 0.803772 0.378348 0.802573 0.373925 0.003675 0.004537 0.006143
MC-T 0.806220 0.378837 0.806509 0.375272 0.809434 0.376880 0.003235 0.003675 0.002247
MC-T 0.803772 0.378348 0.804276 0.382444 0.800536 0.383116 0.004537 0.004263 0.006707
MC-T 0.806532 0.385576 0.809253 0.388251 0.806402 0.390264 0.003698 0.003522 0.005456
MC-T 0.806402 0.390264 0.809253 0.388251 0.809395 0.393548 0.005456 0.003522 0.006153
MC-T 0.806532 0.385576 0.806402 0.390264 0.803186 0.388778 0.003698 0.005456 0.006472
MC-T 0.806532 0.385576 0.803186 0.388778 0.804276 0.382444 0.003698 0.006472 0.004263
MC-T 0.803186 0.388778 0.806402 0.390264 0.804178 0.395942 0.006472 0.005456 0.009939
MC-T 0.806509 0.375272 0.809771 0.372996 0.809434 0.376880 0.003675 0.003171 0.002247
MC-T 0.823567 0.362957 0.821339 0.367970 0.815884 0.365537 0.009705 0.005487 0.006299
MC-T 0.807677 0.371335 0.806509 0.375272 0.802573 0.373925 0.004528 0.003675 0.006143
MC-T 0.806402 0.390264 0.809395 0.393548 0.804178 0.395942 0.005456 0.006153 0.009939
MC-T 0.812233 0.369555 0.808416 0.366717 0.815884 0.365537 0.004123 0.006751 0.006299
MC-T 0.802573 0.373925 0.803772 0.378348 0.800536 0.383116 0.006143 0.004537 0.006707
MC-T 0.800536 0.383116 0.804276 0.382444 0.803186 0.388778 0.006707 0.004263 0.006472
MC-T 0.809395 0.393548 0.806685 0.399073 0.804178 0.395942 0.006153 0.011228 0.009939
MC-T 0.808416 0.366717 0.807677 0.371335 0.802573 0.373925 0.006751 0.004528 0.006143
MC-T 0.803186 0.388778 0.804178 0.395942 0.797516 0.395924 0.006472 0.009939 0.014424
MC-T 0.804178 0.395942 0.806685 0.399073 0.802017 0.408372 0.009939 0.011228 0.023101
MC-T 0.821339 0.367970 0.816017 0.371214 0.816368 0.368569 0.005487 0.003041 0.004385
MC-T 0.816368 0.368569 0.816017 0.371214 0.812233 0.369555 0.004385 0.003041 0.004123
MC-T 0.821339 0.367970 0.816368 0.368569 0.815884 0.365537 0.005487 0.004385 0.006299
MC-T 0.815884 0.365537 0.816368 0.368569 0.812233 0.369555 0.006299 0.004385 0.004123
MC-T 0.815884 0.365537 0.808416 0.366717 0.813494 0.357818 0.006299 0.006751 0.013087
MC-T 0.823567 0.362957 0.815884 0.365537 0.813494 0.357818 0.009705 0.006299 0.013087
MC-T 0.803186 0.388778 0.797516 0.395924 0.800536 0.383116 0.006472 0.014424 0.006707
MC-T 0.797516 0.395924 0.804178 0.395942 0.802017 0.408372 0.014424 0.009939 0.023101
MC-T 0.813494 0.357818 0.808416 0.366717 0.799172 0.363696 0.013087 0.006751 0.013927
MC-T 0.827433 0.354055 0.823567 0.362957 0.813494 0.357818 0.020087 0.009705 0.013087
MC-T 0.802017 0.408372 0.797242 0.417618 0.797516 0.395924 0.023101 0.038178 0.014424
MC-T 0.802573 0.373925 0.800536 0.383116 0.792425 0.380586 0.006143 0.006707 0.013717
MC-T 0.802573 0.373925 0.792425 0.380586 0.799172 0.363696 0.006143 0.013717 0.013927
MC-T 0.792425 0.380586 0.800536 0.383116 0.797516 0.395924 0.013717 0.006707 0.014424
MC-T 0.808416 0.366717 0.802573 0.373925 0.799172 0.363696 0.006751 0.006143 0.013927
MC-T 0.813494 0.357818 0.799172 0.363696 0.806546 0.335005 0.013087 0.013927 0.045714
MC-T 0.827433 0.354055 0.813494 0.357818 0.806546 0.335005 0.020087 0.013087 0.045714
MC-T 0.835128 0.335501 0.827433 0.354055 0.806546 0.335005 0.050084 0.020087 0.045714
MC-T 0.797242 0.417618 0.788206 0.434432 0.755872 0.426894 0.038178 0.070401 0.096851
MC-T 0.788206 0.434432 0.778815 0.451051 0.755872 0.426894 0.070401 0.103585 0.096851
MC-T 0.792425 0.380586 0.797516 0.395924 0.782947 0.398062 0.013717 0.014424 0.031544
MC-T 0.782947 0.398062 0.797516 0.395924 0.797242 0.417618 0.031544 0.014424 0.038178
MC-T 0.792425 0.380586 0.782947 0.398062 0.771332 0.370461 0.013717 0.031544 0.044362
MC-T 0.806546 0.335005 0.799172 0.363696 0.771332 0.370461 0.045714 0.013927 0.044362
MC-T 0.799172 0.363696 0.792425 0.380586 0.771332 0.370461 0.013927 0.013717 0.044362
MC-T 0.771332 0.370461 0.782947 0.398062 0.755872 0.426894 0.044362 0.031544 0.096851
MC-T 0.755872 0.426894 0.782947 0.398062 0.797242 0.417618 0.096851 0.031544 0.038178
MC-T 0.835128 0.335501 0.806546 0.335005 0.846865 0.304662 0.050084 0.045714 0.107184
MC-T 0.857464 0.273414 0.846865 0.304662 0.798615 0.275565 0.156470 0.107184 0.144774
MC-T 0.755872 0.426894 0.778815 0.451051 0.751584 0.495098 0.096851 0.103585 0.176411
MC-T 0.771332 0.370461 0.755872 0.426894 0.700918 0.369256 0.044362 0.096851 0.157090
MC-T 0.806546 0.335005 0.771332 0.370461 0.758347 0.321248 0.045714 0.044362 0.107980
MC-T 0.806546 0.335005 0.758347 0.321248 0.798615 0.275565 0.045714 0.107980 0.144774
MC-T 0.758347 0.321248 0.771332 0.370461 0.700918 0.369256 0.107980 0.044362 0.157090
MC-T 0.751584 0.495098 0.721864 0.537506 0.671903 0.480952 0.176411 0.220317 0.215297
MC-T 0.846865 0.304662 0.806546 0.335005 0.798615 0.275565 0.107184 0.045714 0.144774
MC-T 0.857464 0.273414 0.798615 0.275565 0.805722 0.164040 0.156470 0.144774 0.238388
MC-T 0.798615 0.275565 0.758347 0.321248 0.711556 0.255265 0.144774 0.107980 0.205872
MC-T 0.700918 0.369256 0.755872 0.426894 0.671903 0.480952 0.157090 0.096851 0.215297
MC-T 0.758347 0.321248 0.700918 0.369256 0.711556 0.255265 0.107980 0.157090 0.205872
MC-T 0.755872 0.426894 0.751584 0.495098 0.671903 0.480952 0.096851 0.176411 0.215297
MC-T 0.671903 0.480952 0.721864 0.537506 0.570073 0.696431 0.215297 0.220317 0.278892
MC-T 0.700918 0.369256 0.671903 0.480952 0.525808 0.358457 0.157090 0.215297 0.262359
MC-T 0.857464 0.273414 0.805722 0.164040 0.889302 0.138352 0.156470 0.238388 0.252218
MC-T 0.889302 0.138352 0.805722 0.164040 0.900000 0.000000 0.252218 0.238388 0.277805
MC-T 0.805722 0.164040 0.798615 0.275565 0.711556 0.255265 0.238388 0.144774 0.205872
MC-T 0.711556 0.255265 0.700918 0.369256 0.525808 0.358457 0.205872 0.157090 0.262359
MC-T 0.805722 0.164040 0.711556 0.255265 0.670273 0.039392 0.238388 0.205872 0.275671
MC-T 0.525808 0.358457 0.671903 0.480952 0.570073 0.696431 0.262359 0.215297 0.278892
MC-T 0.711556 0.255265 0.525808 0.358457 0.670273 0.039392 0.205872 0.262359 0.275671
MC-T 0.900000 0.000000 0.805722 0.164040 0.670273 0.039392 0.277805 0.238388 0.275671
MC-T -0.899554 -0.028314 -0.865629 -0.246345 -0.671707 -0.129893 0.298834 0.298874 0.298536
MC-T -0.865629 -0.246345 -0.779672 -0.449568 -0.671707 -0.129893 0.298874 0.298879 0.298536
MC-T 0.900000 0.000000 0.670273 0.039392 0.857464 -0.273414 0.277805 0.275671 0.291755
MC-T 0.570073 0.696431 0.330548 0.837101 0.266524 0.609167 0.278892 0.292022 0.290060
MC-T 0.725714 -0.532296 0.857464 -0.273414 0.511361 -0.300758 0.295735 0.291755 0.293601
MC-T 0.570073 0.696431 0.266524 0.609167 0.525808 0.358457 0.278892 0.290060 0.262359
MC-T 0.266524 0.609167 0.330548 0.837101 0.046427 0.898802 0.290060 0.292022 0.295830
MC-T 0.046427 0.898802 -0.246203 0.865670 -0.110832 0.518095 0.295830 0.297354 0.295909
MC-T -0.246203 0.865670 -0.513724 0.738978 -0.110832 0.518095 0.297354 0.298093 0.295909
MC-T -0.513724 0.738978 -0.726111 0.531754 -0.496560 0.388028 0.298093 0.298491 0.297902
MC-T -0.726111 0.531754 -0.859686 0.266346 -0.496560 0.388028 0.298491 0.298715 0.297902
MC-T -0.859686 0.266346 -0.899554 -0.028314 -0.671707 -0.129893 0.298715 0.298834 0.298536
MC-T -0.779672 -0.449568 -0.590544 -0.679160 -0.424491 -0.447469 0.298879 0.298831 0.298372
MC-T -0.590544 -0.679160 -0.337019 -0.834517 -0.424491 -0.447469 0.298831 0.298708 0.298372
MC-T -0.337019 -0.834517 -0.046938 -0.898775 -0.067238 -0.600752 0.298708 0.298479 0.297926
MC-T -0.046938 -0.898775 0.247866 -0.865195 -0.067238 -0.600752 0.298479 0.298071 0.297926
MC-T 0.247866 -0.865195 0.515107 -0.738014 0.237681 -0.502234 0.298071 0.297311 0.296766
MC-T 0.515107 -0.738014 0.725714 -0.532296 0.511361 -0.300758 0.297311 0.295735 0.293601
MC-T 0.511361 -0.300758 0.857464 -0.273414 0.670273 0.039392 0.293601 0.291755 0.275671
MC-T 0.046427 0.898802 -0.110832 0.518095 0.266524 0.609167 0.295830 0.295909 0.290060
MC-T -0.513724 0.738978 -0.496560 0.388028 -0.110832 0.518095 0.298093 0.297902 0.295909
MC-T -0.779672 -0.449568 -0.424491 -0.447469 -0.671707 -0.129893 0.298879 0.298372 0.298536
MC-T -0.337019 -0.834517 -0.067238 -0.600752 -0.424491 -0.447469 0.298708 0.297926 0.298372
MC-T 0.247866 -0.865195 0.237681 -0.502234 -0.067238 -0.600752 0.298071 0.296766 0.297926
MC-T 0.237681 -0.502234 0.515107 -0.738014 0.511361 -0.300758 0.296766 0.297311 0.293601
MC-T 0.670273 0.039392 0.525808 0.358457 0.366672 0.068021 0.275671 0.262359 0.288312
MC-T 0.670273 0.039392 0.366672 0.068021 0.511361 -0.300758 0.275671 0.288312 0.293601
MC-T 0.366672 0.068021 0.525808 0.358457 0.223121 0.338648 0.288312 0.262359 0.290031
MC-T 0.223121 0.338648 0.525808 0.358457 0.266524 0.609167 0.290031 0.262359 0.290060
MC-T 0.223121 0.338648 0.266524 0.609167 -0.110832 0.518095 0.290031 0.290060 0.295909
MC-T 0.366672 0.068021 0.223121 0.338648 0.058587 0.134831 0.288312 0.290031 0.294364
MC-T 0.366672 0.068021 0.058587 0.134831 0.187140 -0.173736 0.288312 0.294364 0.294905
MC-T 0.058587 0.134831 0.223121 0.338648 -0.110832 0.518095 0.294364 0.290031 0.295909
MC-T 0.366672 0.068021 0.187140 -0.173736 0.511361 -0.300758 0.288312 0.294905 0.293601
MC-T 0.187140 -0.173736 0.058587 0.134831 -0.083774 -0.109582 0.294905 0.294364 0.296571
MC-T 0.187140 -0.173736 -0.083774 -0.109582 0.019441 -0.341254 0.294905 0.296571 0.296881
MC-T -0.083774 -0.109582 0.058587 0.134831 -0.251324 0.154230 0.296571 0.294364 0.296972
MC-T 0.187140 -0.173736 0.019441 -0.341254 0.237681 -0.502234 0.294905 0.296881 0.296766
MC-T 0.237681 -0.502234 0.019441 -0.341254 -0.067238 -0.600752 0.296766 0.296881 0.297926
MC-T 0.019441 -0.341254 -0.083774 -0.109582 -0.181516 -0.323773 0.296881 0.296571 0.297578
MC-T -0.083774 -0.109582 -0.251324 0.154230 -0.356110 -0.123779 0.296571 0.296972 0.297780
MC-T -0.251324 0.154230 0.058587 0.134831 -0.110832 0.518095 0.296972 0.294364 0.295909
MC-T 0.019441 -0.341254 -0.181516 -0.323773 -0.067238 -0.600752 0.296881 0.297578 0.297926
MC-T -0.067238 -0.600752 -0.181516 -0.323773 -0.424491 -0.447469 0.297926 0.297578 0.298372
MC-T -0.424491 -0.447469 -0.181516 -0.323773 -0.356110 -0.123779 0.298372 0.297578 0.297780
MC-T -0.181516 -0.323773 -0.083774 -0.109582 -0.356110 -0.123779 0.297578 0.296571 0.297780
MC-T -0.356110 -0.123779 -0.251324 0.154230 -0.527077 0.110987 0.297780 0.296972 0.298072
MC-T -0.356110 -0.123779 -0.527077 0.110987 -0.671707 -0.129893 0.297780 0.298072 0.298536
MC-T -0.356110 -0.123779 -0.671707 -0.129893 -0.424491 -0.447469 0.297780 0.298536 0.298372
MC-T -0.527077 0.110987 -0.251324 0.154230 -0.496560 0.388028 0.298072 0.296972 0.297902
MC-T -0.527077 0.110987 -0.496560 0.388028 -0.859686 0.266346 0.298072 0.297902 0.298715
MC-T -0.671707 -0.129893 -0.527077 0.110987 -0.859686 0.266346 0.298536 0.298072 0.298715
MC-T 0.511361 -0.300758 0.187140 -0.173736 0.237681 -0.502234 0.293601 0.294905 0.296766
MC-T -0.496560 0.388028 -0.251324 0.154230 -0.110832 0.518095 0.297902 0.296972 0.295909
print @@@@@@@@@@@@@@@@@@@@@@@@@@@@@@@@@@@@@@@@@@@@@@@@@@@@@@@@@@@@@@@
print REMARK: Should generate  198 triangles, 118 vertices, 315 edges
print @@@@@@@@@@@@@@@@@@@@@@@@@@@@@@@@@@@@@@@@@@@@@@@@@@@@@@@@@@@@@@@
